9.67852e-05	0.89542
0.00019357	0.874766
0.000290356	0.895233
0.000387141	0.905928
0.000483926	0.920284
0.000580711	0.908474
0.000677496	0.919961
0.000774281	0.936073
0.000871067	0.901208
0.000967852	0.917828
0.00106464	0.909813
0.00116142	0.915051
0.00125821	0.906589
0.00135499	0.889172
0.00145178	0.884931
0.00154856	0.917534
0.00164535	0.895107
0.00174213	0.927931
0.00183892	0.886403
0.0019357	0.909892
0.00203249	0.949685
0.00212927	0.922947
0.00222606	0.896078
0.00232284	0.904016
0.00241963	0.915129
0.00251641	0.882719
0.0026132	0.908089
0.00270999	0.910758
0.00280677	0.882746
0.00290356	0.873137
0.00300034	0.885669
0.00309713	0.903642
0.00319391	0.901152
0.0032907	0.906596
0.00338748	0.876756
0.00348427	0.894743
0.00358105	0.917224
0.00367784	0.887589
0.00377462	0.881119
0.00387141	0.913038
0.00396819	0.904418
0.00406498	0.906101
0.00416176	0.92015
0.00425855	0.903804
0.00435533	0.90788
0.00445212	0.908326
0.0045489	0.874161
0.00464569	0.908986
0.00474247	0.891559
0.00483926	0.883921
0.00493604	0.870854
0.00503283	0.886621
0.00512961	0.882885
0.0052264	0.893579
0.00532319	0.875827
0.00541997	0.871007
0.00551676	0.842471
0.00561354	0.864574
0.00571033	0.847586
0.00580711	0.848012
0.0059039	0.846221
0.00600068	0.866362
0.00609747	0.840835
0.00619425	0.852008
0.00629104	0.84446
0.00638782	0.840595
0.00648461	0.823713
0.00658139	0.841168
0.00667818	0.840775
0.00677496	0.836749
0.00687175	0.803749
0.00696853	0.812131
0.00706532	0.808155
0.0071621	0.799907
0.00725889	0.790759
0.00735567	0.764577
0.00745246	0.785364
0.00754924	0.79161
0.00764603	0.818752
0.00774281	0.778548
0.0078396	0.764331
0.00793638	0.784512
0.00803317	0.776598
0.00812996	0.749638
0.00822674	0.743216
0.00832353	0.731469
0.00842031	0.759144
0.0085171	0.720989
0.00861388	0.707027
0.00871067	0.706942
0.00880745	0.699627
0.00890424	0.668941
0.00900102	0.716815
0.00909781	0.717742
0.00919459	0.670138
0.00929138	0.692151
0.00938816	0.654827
0.00948495	0.657906
0.00958173	0.646514
0.00967852	0.654852
0.0097753	0.632794
0.00987209	0.64963
0.00996887	0.614781
0.0100657	0.66228
0.0101624	0.581417
0.0102592	0.599546
0.010356	0.606025
0.0104528	0.612605
0.0105496	0.535828
0.0106464	0.572058
0.0107432	0.554523
0.0108399	0.570419
0.0109367	0.5337
0.0110335	0.532195
0.0111303	0.502407
0.0112271	0.564563
0.0113239	0.530247
0.0114207	0.515643
0.0115174	0.51351
0.0116142	0.494267
0.011711	0.508802
0.0118078	0.456982
0.0119046	0.459744
0.0120014	0.513584
0.0120981	0.503366
0.0121949	0.456401
0.0122917	0.500445
0.0123885	0.482474
0.0124853	0.466423
0.0125821	0.52597
0.0126789	0.427284
0.0127756	0.458415
0.0128724	0.448792
0.0129692	0.460547
0.013066	0.412356
0.0131628	0.451222
0.0132596	0.447274
0.0133564	0.447055
0.0134531	0.360163
0.0135499	0.367678
0.0136467	0.390561
0.0137435	0.412668
0.0138403	0.421947
0.0139371	0.357056
0.0140339	0.372246
0.0141306	0.330277
0.0142274	0.296867
0.0143242	0.349046
0.014421	0.338408
0.0145178	0.384677
0.0146146	0.386019
0.0147113	0.367474
0.0148081	0.33626
0.0149049	0.342605
0.0150017	0.356915
0.0150985	0.310381
0.0151953	0.312981
0.0152921	0.339266
0.0153888	0.328948
0.0154856	0.335193
0.0155824	0.324282
0.0156792	0.293073
0.015776	0.28216
0.0158728	0.351106
0.0159696	0.331397
0.0160663	0.263062
0.0161631	0.272114
0.0162599	0.302391
0.0163567	0.342827
0.0164535	0.306755
0.0165503	0.297633
0.0166471	0.304843
0.0167438	0.244667
0.0168406	0.2356
0.0169374	0.269269
0.0170342	0.296003
0.017131	0.252667
0.0172278	0.245072
0.0173245	0.240198
0.0174213	0.240572
0.0175181	0.257191
0.0176149	0.223051
0.0177117	0.291661
0.0178085	0.281439
0.0179053	0.286718
0.018002	0.332139
0.0180988	0.219568
0.0181956	0.243036
0.0182924	0.216916
0.0183892	0.235688
0.018486	0.246548
0.0185828	0.214308
0.0186795	0.232443
0.0187763	0.227199
0.0188731	0.252055
0.0189699	0.298766
0.0190667	0.249157
0.0191635	0.183748
0.0192603	0.214379
0.019357	0.200489
0.0194538	0.258235
0.0195506	0.290832
0.0196474	0.221837
0.0197442	0.221518
0.019841	0.234627
0.0199377	0.251625
0.0200345	0.190954
0.0201313	0.210239
0.0202281	0.211762
0.0203249	0.236345
0.0204217	0.220532
0.0205185	0.197268
0.0206152	0.199252
0.020712	0.175948
0.0208088	0.235696
0.0209056	0.254686
0.0210024	0.141519
0.0210992	0.184986
0.021196	0.222666
0.0212927	0.180667
0.0213895	0.23463
0.0214863	0.185607
0.0215831	0.212865
0.0216799	0.215257
0.0217767	0.199627
0.0218735	0.185665
0.0219702	0.185281
0.022067	0.157807
0.0221638	0.170158
0.0222606	0.1981
0.0223574	0.147146
0.0224542	0.165207
0.0225509	0.203532
0.0226477	0.194986
0.0227445	0.186366
0.0228413	0.212892
0.0229381	0.224918
0.0230349	0.212101
0.0231317	0.182982
0.0232284	0.17439
0.0233252	0.238916
0.023422	0.180792
0.0235188	0.159271
0.0236156	0.203933
0.0237124	0.214542
0.0238092	0.180328
0.0239059	0.190534
0.0240027	0.187599
0.0240995	0.178275
0.0241963	0.203727
0.0242931	0.237673
0.0243899	0.179467
0.0244867	0.20339
0.0245834	0.173164
0.0246802	0.208638
0.024777	0.146427
0.0248738	0.202071
0.0249706	0.184909
0.0250674	0.212797
0.0251641	0.15421
0.0252609	0.177611
0.0253577	0.181568
0.0254545	0.17205
0.0255513	0.169004
0.0256481	0.185364
0.0257449	0.188653
0.0258416	0.164147
0.0259384	0.145281
0.0260352	0.178014
0.026132	0.171022
0.0262288	0.168193
0.0263256	0.140937
0.0264224	0.151415
0.0265191	0.181619
0.0266159	0.137777
0.0267127	0.189916
0.0268095	0.155002
0.0269063	0.174979
0.0270031	0.145651
0.0270999	0.144459
0.0271966	0.18608
0.0272934	0.144221
0.0273902	0.188413
0.027487	0.146178
0.0275838	0.148337
0.0276806	0.16166
0.0277773	0.154591
0.0278741	0.175447
0.0279709	0.147467
0.0280677	0.166216
0.0281645	0.16199
0.0282613	0.145782
0.0283581	0.185423
0.0284548	0.156835
0.0285516	0.189417
0.0286484	0.157679
0.0287452	0.159861
0.028842	0.170332
0.0289388	0.187169
0.0290356	0.19383
0.0291323	0.127806
0.0292291	0.125791
0.0293259	0.095953
0.0294227	0.142206
0.0295195	0.175381
0.0296163	0.167857
0.0297131	0.190007
0.0298098	0.144456
0.0299066	0.151029
0.0300034	0.168801
0.0301002	0.16309
0.030197	0.14135
0.0302938	0.154744
0.0303905	0.16569
0.0304873	0.125162
0.0305841	0.169265
0.0306809	0.140411
0.0307777	0.160188
0.0308745	0.138467
0.0309713	0.159409
0.031068	0.131375
0.0311648	0.168286
0.0312616	0.197491
0.0313584	0.173851
0.0314552	0.129415
0.031552	0.150441
0.0316488	0.176169
0.0317455	0.161073
0.0318423	0.1748
0.0319391	0.148522
0.0320359	0.112469
0.0321327	0.149027
0.0322295	0.168445
0.0323263	0.121954
0.032423	0.144026
0.0325198	0.178762
0.0326166	0.146928
0.0327134	0.169881
0.0328102	0.121859
0.032907	0.170254
0.0330037	0.180353
0.0331005	0.15191
0.0331973	0.144567
0.0332941	0.199695
0.0333909	0.179318
0.0334877	0.165368
0.0335845	0.183151
0.0336812	0.148879
0.033778	0.17732
0.0338748	0.158446
0.0339716	0.130779
0.0340684	0.13563
0.0341652	0.147891
0.034262	0.138318
0.0343587	0.165493
0.0344555	0.119191
0.0345523	0.15373
0.0346491	0.119498
0.0347459	0.151732
0.0348427	0.12892
0.0349394	0.134058
0.0350362	0.156313
0.035133	0.0932161
0.0352298	0.176798
0.0353266	0.160881
0.0354234	0.100821
0.0355202	0.116793
0.0356169	0.154344
0.0357137	0.111286
0.0358105	0.11527
0.0359073	0.118583
0.0360041	0.119597
0.0361009	0.117354
0.0361977	0.124552
0.0362944	0.132422
0.0363912	0.104499
0.036488	0.121693
0.0365848	0.153223
0.0366816	0.0948324
0.0367784	0.0918809
0.0368752	0.133686
0.0369719	0.160567
0.0370687	0.0968745
0.0371655	0.0955881
0.0372623	0.125773
0.0373591	0.125797
0.0374559	0.123686
0.0375527	0.114318
0.0376494	0.120619
0.0377462	0.0970977
0.037843	0.112482
0.0379398	0.132437
0.0380366	0.148776
0.0381334	0.0951444
0.0382301	0.121013
0.0383269	0.106488
0.0384237	0.0841286
0.0385205	0.132563
0.0386173	0.120105
0.0387141	0.134357
0.0388109	0.0861783
0.0389076	0.150064
0.0390044	0.13608
0.0391012	0.0798472
0.039198	0.107071
0.0392948	0.0998241
0.0393916	0.116941
0.0394884	0.083941
0.0395851	0.120085
0.0396819	0.104012
0.0397787	0.121865
0.0398755	0.128095
0.0399723	0.0635367
0.0400691	0.0843942
0.0401658	0.0929137
0.0402626	0.0600803
0.0403594	0.0846793
0.0404562	0.0944166
0.040553	0.0825131
0.0406498	0.111092
0.0407466	0.0986432
0.0408433	0.0946143
0.0409401	0.100919
0.0410369	0.0812092
0.0411337	0.087999
0.0412305	0.108955
0.0413273	0.102026
0.0414241	0.0396943
0.0415208	0.105927
0.0416176	0.0739842
0.0417144	0.071935
0.0418112	0.10345
0.041908	0.0773312
0.0420048	0.0792514
0.0421016	0.0936061
0.0421983	0.0786418
0.0422951	0.090441
0.0423919	0.0730582
0.0424887	0.0634923
0.0425855	0.0808636
0.0426823	0.0674421
0.0427791	0.0909775
0.0428758	0.0905046
0.0429726	0.0871084
0.0430694	0.103563
0.0431662	0.113941
0.043263	0.0791674
0.0433598	0.0867373
0.0434565	0.0974464
0.0435533	0.0443624
0.0436501	0.058429
0.0437469	0.092131
0.0438437	0.0799415
0.0439405	0.0639853
0.0440373	0.0343249
0.044134	0.069075
0.0442308	0.0786532
0.0443276	0.0109919
0.0444244	0.0766464
0.0445212	0.0387126
0.044618	0.0399211
0.0447148	0.0499013
0.0448115	0.0380582
0.0449083	0.06697
0.0450051	0.0620612
0.0451019	0.0551304
0.0451987	0.0636489
0.0452955	0.0502489
0.0453922	0.0099779
0.045489	0.0520827
0.0455858	0.0274424
0.0456826	0.0652497
0.0457794	0.0242309
0.0458762	0.0712355
0.045973	0.0774772
0.0460697	0.0324921
0.0461665	0.0721881
0.0462633	0.0860239
0.0463601	0.0661759
0.0464569	0.0328061
0.0465537	0.0510195
0.0466505	0.079778
0.0467472	0.047241
0.046844	0.0285293
0.0469408	0.0682982
0.0470376	0.0827177
0.0471344	0.100181
0.0472312	0.0598432
0.047328	0.0203018
0.0474247	0.0751082
0.0475215	0.0489061
0.0476183	0.0415648
0.0477151	0.0483594
0.0478119	0.0518225
0.0479087	0.0605357
0.0480055	0.072632
0.0481022	0.0859001
0.048199	0.0721667
0.0482958	0.0677154
0.0483926	0.0556801
0.0484894	0.0678103
0.0485862	0.0322381
0.0486829	0.0430847
0.0487797	0.0378252
0.0488765	0.0573361
0.0489733	0.0383926
0.0490701	0.0119591
0.0491669	0.0410933
0.0492637	0.0871952
0.0493604	0.0397266
0.0494572	0.055649
