9.67852e-05	0.991854
0.00019357	0.972094
0.000290356	0.967183
0.000387141	0.959953
0.000483926	0.954169
0.000580711	0.963903
0.000677496	0.958447
0.000774281	0.952577
0.000871067	0.94719
0.000967852	0.962425
0.00106464	0.953086
0.00116142	0.952832
0.00125821	0.946103
0.00135499	0.939486
0.00145178	0.945833
0.00154856	0.947328
0.00164535	0.953417
0.00174213	0.942237
0.00183892	0.930243
0.0019357	0.93955
0.00203249	0.952421
0.00212927	0.94006
0.00222606	0.919138
0.00232284	0.941395
0.00241963	0.929401
0.00251641	0.891912
0.0026132	0.927025
0.00270999	0.928526
0.00280677	0.909453
0.00290356	0.894739
0.00300034	0.908235
0.00309713	0.920122
0.00319391	0.918479
0.0032907	0.914067
0.00338748	0.895026
0.00348427	0.911722
0.00358105	0.912948
0.00367784	0.888564
0.00377462	0.887431
0.00387141	0.921847
0.00396819	0.90527
0.00406498	0.917826
0.00416176	0.926693
0.00425855	0.918874
0.00435533	0.907804
0.00445212	0.911928
0.0045489	0.885316
0.00464569	0.911731
0.00474247	0.89162
0.00483926	0.880791
0.00493604	0.870977
0.00503283	0.886459
0.00512961	0.887627
0.0052264	0.896445
0.00532319	0.879069
0.00541997	0.870294
0.00551676	0.861484
0.00561354	0.869276
0.00571033	0.861353
0.00580711	0.847054
0.0059039	0.854566
0.00600068	0.868782
0.00609747	0.838731
0.00619425	0.840798
0.00629104	0.838031
0.00638782	0.83546
0.00648461	0.813852
0.00658139	0.838403
0.00667818	0.844517
0.00677496	0.824786
0.00687175	0.800258
0.00696853	0.820217
0.00706532	0.811701
0.0071621	0.80268
0.00725889	0.796869
0.00735567	0.751115
0.00745246	0.799962
0.00754924	0.784806
0.00764603	0.814409
0.00774281	0.789797
0.0078396	0.756254
0.00793638	0.785531
0.00803317	0.767425
0.00812996	0.741574
0.00822674	0.741206
0.00832353	0.735164
0.00842031	0.757774
0.0085171	0.717624
0.00861388	0.70549
0.00871067	0.715865
0.00880745	0.681496
0.00890424	0.66613
0.00900102	0.699436
0.00909781	0.709153
0.00919459	0.675617
0.00929138	0.680873
0.00938816	0.667708
0.00948495	0.637007
0.00958173	0.64706
0.00967852	0.648563
0.0097753	0.621565
0.00987209	0.638795
0.00996887	0.600942
0.0100657	0.653558
0.0101624	0.566356
0.0102592	0.601536
0.010356	0.606823
0.0104528	0.61553
0.0105496	0.525663
0.0106464	0.571174
0.0107432	0.53947
0.0108399	0.550951
0.0109367	0.533537
0.0110335	0.528802
0.0111303	0.489518
0.0112271	0.541954
0.0113239	0.520452
0.0114207	0.518978
0.0115174	0.500007
0.0116142	0.46672
0.011711	0.528946
0.0118078	0.456635
0.0119046	0.449356
0.0120014	0.495616
0.0120981	0.501809
0.0121949	0.458822
0.0122917	0.480747
0.0123885	0.484822
0.0124853	0.470457
0.0125821	0.505966
0.0126789	0.419462
0.0127756	0.436004
0.0128724	0.431794
0.0129692	0.458355
0.013066	0.405219
0.0131628	0.434245
0.0132596	0.428737
0.0133564	0.447069
0.0134531	0.366989
0.0135499	0.383057
0.0136467	0.400395
0.0137435	0.393019
0.0138403	0.417684
0.0139371	0.343353
0.0140339	0.371973
0.0141306	0.341359
0.0142274	0.314461
0.0143242	0.336801
0.014421	0.33825
0.0145178	0.378117
0.0146146	0.382631
0.0147113	0.372543
0.0148081	0.337567
0.0149049	0.349599
0.0150017	0.352789
0.0150985	0.316294
0.0151953	0.301623
0.0152921	0.348858
0.0153888	0.320023
0.0154856	0.357761
0.0155824	0.327692
0.0156792	0.292755
0.015776	0.277937
0.0158728	0.35206
0.0159696	0.324342
0.0160663	0.275488
0.0161631	0.272622
0.0162599	0.327329
0.0163567	0.34727
0.0164535	0.307463
0.0165503	0.310605
0.0166471	0.319028
0.0167438	0.274454
0.0168406	0.23503
0.0169374	0.285737
0.0170342	0.301657
0.017131	0.257337
0.0172278	0.263888
0.0173245	0.276824
0.0174213	0.243888
0.0175181	0.278459
0.0176149	0.243718
0.0177117	0.298634
0.0178085	0.299012
0.0179053	0.315137
0.018002	0.350792
0.0180988	0.232985
0.0181956	0.260325
0.0182924	0.231912
0.0183892	0.264244
0.018486	0.286065
0.0185828	0.230476
0.0186795	0.249199
0.0187763	0.270214
0.0188731	0.275949
0.0189699	0.330845
0.0190667	0.255652
0.0191635	0.205905
0.0192603	0.223258
0.019357	0.214322
0.0194538	0.271775
0.0195506	0.306853
0.0196474	0.244725
0.0197442	0.24698
0.019841	0.274055
0.0199377	0.273121
0.0200345	0.199231
0.0201313	0.243718
0.0202281	0.239817
0.0203249	0.284155
0.0204217	0.248695
0.0205185	0.212706
0.0206152	0.249508
0.020712	0.237231
0.0208088	0.280507
0.0209056	0.300294
0.0210024	0.18382
0.0210992	0.23118
0.021196	0.261247
0.0212927	0.239045
0.0213895	0.27153
0.0214863	0.245747
0.0215831	0.251061
0.0216799	0.261197
0.0217767	0.236685
0.0218735	0.236016
0.0219702	0.233171
0.022067	0.209816
0.0221638	0.217116
0.0222606	0.228313
0.0223574	0.194352
0.0224542	0.224727
0.0225509	0.233082
0.0226477	0.212369
0.0227445	0.24378
0.0228413	0.247687
0.0229381	0.26348
0.0230349	0.257644
0.0231317	0.207877
0.0232284	0.2527
0.0233252	0.282627
0.023422	0.243101
0.0235188	0.208361
0.0236156	0.259589
0.0237124	0.234273
0.0238092	0.241007
0.0239059	0.247409
0.0240027	0.249098
0.0240995	0.235324
0.0241963	0.251068
0.0242931	0.277669
0.0243899	0.238363
0.0244867	0.242937
0.0245834	0.222954
0.0246802	0.245084
0.024777	0.207133
0.0248738	0.253174
0.0249706	0.217781
0.0250674	0.256626
0.0251641	0.207809
0.0252609	0.242643
0.0253577	0.240023
0.0254545	0.225726
0.0255513	0.244044
0.0256481	0.251574
0.0257449	0.262017
0.0258416	0.201072
0.0259384	0.213486
0.0260352	0.235314
0.026132	0.226721
0.0262288	0.217318
0.0263256	0.211083
0.0264224	0.201406
0.0265191	0.246715
0.0266159	0.215735
0.0267127	0.238981
0.0268095	0.21002
0.0269063	0.239607
0.0270031	0.200819
0.0270999	0.205654
0.0271966	0.247499
0.0272934	0.223563
0.0273902	0.236087
0.027487	0.212947
0.0275838	0.195658
0.0276806	0.206071
0.0277773	0.199553
0.0278741	0.224792
0.0279709	0.210778
0.0280677	0.221501
0.0281645	0.215433
0.0282613	0.214057
0.0283581	0.240043
0.0284548	0.211852
0.0285516	0.240393
0.0286484	0.224241
0.0287452	0.193277
0.028842	0.23621
0.0289388	0.21599
0.0290356	0.231706
0.0291323	0.207383
0.0292291	0.165132
0.0293259	0.155856
0.0294227	0.194888
0.0295195	0.22454
0.0296163	0.231
0.0297131	0.225243
0.0298098	0.204056
0.0299066	0.216369
0.0300034	0.21877
0.0301002	0.231361
0.030197	0.181648
0.0302938	0.214683
0.0303905	0.231089
0.0304873	0.184761
0.0305841	0.21243
0.0306809	0.214446
0.0307777	0.197249
0.0308745	0.163513
0.0309713	0.215441
0.031068	0.184024
0.0311648	0.215407
0.0312616	0.247557
0.0313584	0.202345
0.0314552	0.186714
0.031552	0.230499
0.0316488	0.211157
0.0317455	0.215449
0.0318423	0.215053
0.0319391	0.182413
0.0320359	0.174355
0.0321327	0.20809
0.0322295	0.224362
0.0323263	0.191126
0.032423	0.200438
0.0325198	0.226322
0.0326166	0.204424
0.0327134	0.226651
0.0328102	0.172819
0.032907	0.212557
0.0330037	0.221745
0.0331005	0.21602
0.0331973	0.194084
0.0332941	0.243983
0.0333909	0.227294
0.0334877	0.225857
0.0335845	0.231309
0.0336812	0.189594
0.033778	0.218081
0.0338748	0.208468
0.0339716	0.181732
0.0340684	0.178731
0.0341652	0.204565
0.034262	0.201393
0.0343587	0.20061
0.0344555	0.172912
0.0345523	0.196163
0.0346491	0.164806
0.0347459	0.211004
0.0348427	0.179977
0.0349394	0.180977
0.0350362	0.213721
0.035133	0.143871
0.0352298	0.222607
0.0353266	0.208887
0.0354234	0.168348
0.0355202	0.166918
0.0356169	0.205987
0.0357137	0.171139
0.0358105	0.161397
0.0359073	0.187709
0.0360041	0.195943
0.0361009	0.162079
0.0361977	0.160889
0.0362944	0.200441
0.0363912	0.175199
0.036488	0.189485
0.0365848	0.198761
0.0366816	0.153059
0.0367784	0.153395
0.0368752	0.197825
0.0369719	0.20224
0.0370687	0.16639
0.0371655	0.16239
0.0372623	0.172283
0.0373591	0.170075
0.0374559	0.189879
0.0375527	0.162764
0.0376494	0.180691
0.0377462	0.135146
0.037843	0.170349
0.0379398	0.177918
0.0380366	0.216799
0.0381334	0.160888
0.0382301	0.167292
0.0383269	0.180777
0.0384237	0.145326
0.0385205	0.178486
0.0386173	0.178967
0.0387141	0.176819
0.0388109	0.151489
0.0389076	0.213963
0.0390044	0.187938
0.0391012	0.128696
0.039198	0.167639
0.0392948	0.177438
0.0393916	0.170904
0.0394884	0.138032
0.0395851	0.182733
0.0396819	0.1821
0.0397787	0.165517
0.0398755	0.186527
0.0399723	0.148554
0.0400691	0.143938
0.0401658	0.186278
0.0402626	0.126573
0.0403594	0.164265
0.0404562	0.173072
0.040553	0.166101
0.0406498	0.188028
0.0407466	0.163779
0.0408433	0.17244
0.0409401	0.17816
0.0410369	0.159207
0.0411337	0.169438
0.0412305	0.18509
0.0413273	0.183764
0.0414241	0.126057
0.0415208	0.174262
0.0416176	0.138157
0.0417144	0.12822
0.0418112	0.194904
0.041908	0.130466
0.0420048	0.160412
0.0421016	0.180156
0.0421983	0.163325
0.0422951	0.164186
0.0423919	0.158336
0.0424887	0.144665
0.0425855	0.157729
0.0426823	0.142227
0.0427791	0.167033
0.0428758	0.157951
0.0429726	0.165527
0.0430694	0.154291
0.0431662	0.15917
0.043263	0.15134
0.0433598	0.174782
0.0434565	0.161683
0.0435533	0.143598
0.0436501	0.137191
0.0437469	0.174792
0.0438437	0.140238
0.0439405	0.157908
0.0440373	0.121996
0.044134	0.164918
0.0442308	0.159556
0.0443276	0.106329
0.0444244	0.172885
0.0445212	0.136343
0.044618	0.126832
0.0447148	0.142156
0.0448115	0.143158
0.0449083	0.166267
0.0450051	0.138073
0.0451019	0.154107
0.0451987	0.153692
0.0452955	0.137639
0.0453922	0.103366
0.045489	0.136819
0.0455858	0.139147
0.0456826	0.157051
0.0457794	0.104452
0.0458762	0.153103
0.045973	0.18851
0.0460697	0.121509
0.0461665	0.143712
0.0462633	0.16225
0.0463601	0.152374
0.0464569	0.12022
0.0465537	0.145382
0.0466505	0.151712
0.0467472	0.111444
0.046844	0.12753
0.0469408	0.126935
0.0470376	0.173952
0.0471344	0.175386
0.0472312	0.136611
0.047328	0.132476
0.0474247	0.131732
0.0475215	0.126503
0.0476183	0.13566
0.0477151	0.155079
0.0478119	0.128087
0.0479087	0.165707
0.0480055	0.172003
0.0481022	0.162501
0.048199	0.153203
0.0482958	0.156791
0.0483926	0.120928
0.0484894	0.148894
0.0485862	0.128098
0.0486829	0.13403
0.0487797	0.118208
0.0488765	0.166968
0.0489733	0.115248
0.0490701	0.100066
0.0491669	0.17164
0.0492637	0.169144
0.0493604	0.136139
0.0494572	0.144549
